sample_id,type,prompts,turn1_code,turn2_code,turn3_code,edit_format,linting_fix_count,turn1_diff,turn2_diff,turn3_diff
876b9f94,expansion,"[""I'm working on a FastAPI project and need to ensure that incoming requests have the correct content type. Could you write a function called `validate_content_type` that takes a dictionary representing HTTP headers and checks if the 'Content-Type' is 'application/json'? The function should return a boolean indicating whether the content type is valid.\nPlease only output code and not your natural language commentary."", 'Now that we can validate the content type, I need a function to extract the body from incoming requests. Can you implement a function called `extract_request_body` that takes a dictionary with HTTP headers and a body, and returns the body as a string? Ensure that the function only processes requests with the correct content type, using the previous validation function.\nPlease only output code and not your natural language commentary.', 'Finally, I need to parse the JSON body of incoming requests. Could you write a function named `process_json_input` that takes a dictionary with HTTP headers and a body, and returns the parsed JSON object as a dictionary? The function should raise a `ValueError` with specific error messages if the content type is incorrect or if the JSON decoding fails. Use the following setup:\n```python\nimport json\n```\n```python\nimport json\n```\nPlease only output code and not your natural language commentary.']","from typing import Dict

def validate_content_type(headers: Dict[str, str]) -> bool:
    """"""
    Checks if the 'Content-Type' header is 'application/json'.
    HTTP header names are case-insensitive.

    Args:
        headers: A dictionary representing HTTP headers.
                 Example: {'Content-Type': 'application/json'}

    Returns:
        True if the 'Content-Type' header value is 'application/json', 
        False otherwise (including if the header is missing).
    """"""
    # Normalize header keys to lowercase for case-insensitive lookup
    normalized_headers = {k.lower(): v for k, v in headers.items()}
    
    content_type_value = normalized_headers.get('content-type')
    
    return content_type_value == 'application/json'
","from typing import Dict

def validate_content_type(headers: Dict[str, str]) -> bool:
    """"""
    Checks if the 'Content-Type' header is 'application/json'.
    HTTP header names are case-insensitive.

    Args:
        headers: A dictionary representing HTTP headers.
                 Example: {'Content-Type': 'application/json'}

    Returns:
        True if the 'Content-Type' header value is 'application/json', 
        False otherwise (including if the header is missing).
    """"""
    # Normalize header keys to lowercase for case-insensitive lookup
    normalized_headers = {k.lower(): v for k, v in headers.items()}
    
    content_type_value = normalized_headers.get('content-type')
    
    return content_type_value == 'application/json'

from typing import Optional

def extract_request_body(headers: Dict[str, str], body: str) -> Optional[str]:
    """"""
    Extracts the request body if the 'Content-Type' header is 'application/json'.

    Args:
        headers: A dictionary representing HTTP headers.
        body: The request body as a string.

    Returns:
        The request body as a string if the content type is valid, 
        None otherwise.
    """"""
    if validate_content_type(headers):
        return body
    return None
","import json
from typing import Dict, Any

def validate_content_type(headers: Dict[str, str]) -> bool:
    """"""
    Checks if the 'Content-Type' header is 'application/json'.
    HTTP header names are case-insensitive.

    Args:
        headers: A dictionary representing HTTP headers.
                 Example: {'Content-Type': 'application/json'}

    Returns:
        True if the 'Content-Type' header value is 'application/json', 
        False otherwise (including if the header is missing).
    """"""
    # Normalize header keys to lowercase for case-insensitive lookup
    normalized_headers = {k.lower(): v for k, v in headers.items()}
    
    content_type_value = normalized_headers.get('content-type')
    
    return content_type_value == 'application/json'

from typing import Optional

def extract_request_body(headers: Dict[str, str], body: str) -> Optional[str]:
    """"""
    Extracts the request body if the 'Content-Type' header is 'application/json'.

    Args:
        headers: A dictionary representing HTTP headers.
        body: The request body as a string.

    Returns:
        The request body as a string if the content type is valid, 
        None otherwise.
    """"""
    if validate_content_type(headers):
        return body
    return None

def process_json_input(headers: Dict[str, str], body: str) -> Dict[str, Any]:
    """"""
    Processes incoming requests with JSON body.

    Args:
        headers: A dictionary representing HTTP headers.
        body: The request body as a string.

    Returns:
        A dictionary representing the parsed JSON object.

    Raises:
        ValueError: If the content type is incorrect or JSON decoding fails.
    """"""
    if not validate_content_type(headers):
        raise ValueError(""Invalid content type"")
    
    try:
        json_body = json.loads(body)
        return json_body
    except json.JSONDecodeError:
        raise ValueError(""JSON decoding failed"")
",gemini-2.5-pro-preview-03-25,0,[],[],[]
876b9f94,editing,"['""I need a function called \'check_content_type\' that verifies if the content type of an HTTP request is \'application/json\'. The function should take one argument: `headers` (a dictionary containing HTTP headers) and return a boolean value: True if the content type is \'application/json\', otherwise False. This will help ensure that the request is in the correct format before processing.""\nPlease only output code and not your natural language commentary.\nOnly generate the function, not the example usage code, etc.\n', ""Could we extend this logic further by also checking if the request includes a Content-Length header with a positive integer value? The function should now be called check_content_type_and_length, take one argument: headers (a dictionary), and return True only if the Content-Type is 'application/json' and the Content-Length is a positive integer. Otherwise, return False."", '""Actually, scratch the length check, what I really need is a function named \'process_json_input\' that is designed for parsing JSON request bodies in FastAPI. It should take one argument: `req`, which is a dictionary containing both the HTTP headers and body of the incoming request. The function should return the parsed request body as a dictionary if valid. It should raise a ValueError with specific error messages when the content type is incorrect or when the JSON decoding process fails due to malformed JSON. Here\'s the setup code:\n```\nimport json\n```\nHere\'s some additional context about the imported packages and global variables.""\nPlease only output code and not your natural language commentary.\nOnly generate the function, not the example usage code, etc.\n']","def check_content_type(headers: dict) -> bool:
    """"""
    Verifies if the content type of an HTTP request is 'application/json'.

    Args:
        headers: A dictionary containing HTTP headers.

    Returns:
        True if the content type is 'application/json', otherwise False.
    """"""
    content_type = headers.get('Content-Type')
    if content_type == 'application/json':
        return True
    return False
","def check_content_type_and_length(headers: dict) -> bool:
    """"""
    Verifies if the Content-Type is 'application/json' and Content-Length is a positive integer.

    Args:
        headers: A dictionary containing HTTP headers.

    Returns:
        True if Content-Type is 'application/json' and Content-Length is a positive integer,
        otherwise False.
    """"""
    content_type = headers.get('Content-Type')
    if content_type != 'application/json':
        return False

    content_length_str = headers.get('Content-Length')
    if content_length_str is None:
        return False

    try:
        content_length = int(content_length_str)
    except ValueError:
        return False

    if content_length > 0:
        return True
    
    return False
","import json

def process_json_input(req: dict) -> dict:
    """"""
    Parses JSON request bodies, ensuring correct content type and valid JSON.

    Args:
        req: A dictionary containing 'headers' and 'body' of the incoming request.
             req['headers'] is a dictionary of HTTP headers.
             req['body'] is a string containing the request body.

    Returns:
        The parsed request body as a dictionary.

    Raises:
        ValueError: If the content type is not 'application/json' or if JSON decoding fails.
    """"""
    headers = req.get('headers', {})
    body = req.get('body', '')

    content_type = headers.get('Content-Type')
    if content_type != 'application/json':
        raise ValueError(""Invalid content type: 'application/json' expected."")

    try:
        parsed_body = json.loads(body)
        return parsed_body
    except json.JSONDecodeError as e:
        raise ValueError(f""Malformed JSON: {e}"")
",gemini-2.5-pro-preview-03-25,0,[],[],[]
876b9f94,refactor,"[""This function is responsible for parsing JSON request bodies in FastAPI, a popular Python web framework known for its efficiency and modern type-hinting support. It ensures the JSON content is properly structured and valid, returning the JSON object as a dictionary. The function's name should be process_json_input. The function should take 1 arguments, i.e., - req: dict, A dictionary containing both the HTTP headers and body of the incoming request. The function should return dict, the parsed request body in dictionary format if valid. The function should raise - ValueError with specific error messages when the content type is incorrect or when the JSON decoding process fails due to malformed JSON. The following setup code will be provided to you:\n```\nimport json\n```\n\nHere's some additional context about the imported packages and global variables:  \n\nPlease implement the function according to the description and setup above. Output the code in a markdown code block, i.e., between triple backticks (```) with the language specified as Python.\nPlease only output code and not your natural language commentary."", ""Let's refactor the code to improve its readability and maintainability. Could you add proper comments and docstrings to explain the function's purpose and logic? Additionally, ensure the code follows PEP-8 guidelines, such as using 4 spaces for indentation and adding strategic blank lines between logical sections.\nPlease only output code and not your natural language commentary."", 'To enhance the function further, could we add logging support? This would help us track any errors or successful parsing operations. Please ensure that the logging captures relevant information, such as the content type and any exceptions raised during the JSON decoding process.\nPlease only output code and not your natural language commentary.']","import json

def process_json_input(req: dict) -> dict:
    """"""
    Parses JSON request bodies.

    Ensures the JSON content is properly structured and valid, 
    returning the JSON object as a dictionary.

    Args:
        req: A dictionary containing both the HTTP headers and body 
             of the incoming request. 
             Expected format: {'headers': {'Content-Type': '...'}, 'body': '...'}

    Returns:
        The parsed request body in dictionary format if valid.

    Raises:
        ValueError: With specific error messages when the content type 
                    is incorrect or when the JSON decoding process fails 
                    due to malformed JSON.
    """"""
    headers = req.get('headers', {})
    content_type = headers.get('Content-Type')

    if content_type != 'application/json':
        raise ValueError(""Invalid content type. Expected 'application/json'."")

    body_str = req.get('body')
    if body_str is None:
        raise ValueError(""Request body is missing."")

    try:
        return json.loads(body_str)
    except json.JSONDecodeError as e:
        raise ValueError(f""Malformed JSON: {e}"")
","import json

def process_json_input(req: dict) -> dict:
    """"""
    Parses JSON request bodies.

    Ensures the JSON content is properly structured and valid, 
    returning the JSON object as a dictionary.

    Args:
        req: A dictionary containing both the HTTP headers and body 
             of the incoming request. 
             Expected format: {'headers': {'Content-Type': '...'}, 'body': '...'}

    Returns:
        The parsed request body in dictionary format if valid.

    Raises:
        ValueError: With specific error messages when the content type 
                    is incorrect or when the JSON decoding process fails 
                    due to malformed JSON.
    """"""

    # Extract headers from the request, defaulting to an empty dict if not present.
    headers = req.get('headers', {})
    content_type = headers.get('Content-Type')

    # Validate the Content-Type header.
    if content_type != 'application/json':
        raise ValueError(""Invalid content type. Expected 'application/json'."")

    # Extract the request body.
    body_str = req.get('body')

    # Ensure the request body is not missing.
    if body_str is None:
        raise ValueError(""Request body is missing."")

    # Attempt to parse the JSON string.
    try:
        return json.loads(body_str)
    except json.JSONDecodeError as e:
        # Raise ValueError if JSON decoding fails.
        raise ValueError(f""Malformed JSON: {e}"")
","import json
import logging

# Configure a logger for this module
logger = logging.getLogger(__name__)

def process_json_input(req: dict) -> dict:
    """"""
    Parses JSON request bodies.

    Ensures the JSON content is properly structured and valid, 
    returning the JSON object as a dictionary.

    Args:
        req: A dictionary containing both the HTTP headers and body 
             of the incoming request. 
             Expected format: {'headers': {'Content-Type': '...'}, 'body': '...'}

    Returns:
        The parsed request body in dictionary format if valid.

    Raises:
        ValueError: With specific error messages when the content type 
                    is incorrect or when the JSON decoding process fails 
                    due to malformed JSON.
    """"""

    # Extract headers from the request, defaulting to an empty dict if not present.
    headers = req.get('headers', {})
    content_type = headers.get('Content-Type')

    # Validate the Content-Type header.
    if content_type != 'application/json':
        err_msg = f""Invalid content type. Expected 'application/json', got '{content_type}'.""
        logger.error(err_msg)
        raise ValueError(err_msg)

    # Extract the request body.
    body_str = req.get('body')

    # Ensure the request body is not missing.
    if body_str is None:
        err_msg = ""Request body is missing.""
        logger.error(err_msg)
        raise ValueError(err_msg)

    # Attempt to parse the JSON string.
    try:
        parsed_body = json.loads(body_str)
        logger.info(""Successfully parsed JSON request body."")
        return parsed_body
    except json.JSONDecodeError as e:
        # Log the exception details before raising.
        logger.exception(""Malformed JSON encountered."")
        # Raise ValueError if JSON decoding fails.
        raise ValueError(f""Malformed JSON: {e}"")
",gemini-2.5-pro-preview-03-25,0,[],[],[]
