sample_id,type,turn,prompt,code,edit_format,linting_fix_count
2e77a38b,singleturn,1,"Implements a memory-based caching system for user data to optimize application speed. This function stores user-specific information in a dictionary, allowing for swift access without repeated database queries. The function's name should be store_customer_info. The function should take 2 arguments, i.e., - str, cust_id: A unique string that identifies each user., - dict, cust_data: A dictionary encompassing various user-related information. The function should return - bool, Indicates True for successful caching, False for failure. The following setup code will be provided to you:
```
user_cache = {}
```

Here's some additional context about the imported packages and global variables: - user_cache: A global dictionary acting as the repository for cached user data 

Please implement the function according to the description and setup above. Output the code in a markdown code block, i.e., between triple backticks (```) with the language specified as Python.

EXAMPLE INPUT/OUTPUT:
{
  ""input"": {
    ""cust_id"": ""user123"",
    ""cust_data"": {
      ""name"": ""John Doe"",
      ""email"": ""john@example.com""
    }
  },
  ""output"": true
}","# In-memory cache for user data
user_cache = {}

def store_customer_info(cust_id: str, cust_data: dict) -> bool:
    """"""
    Stores user-specific information in a global in-memory cache for fast access.

    Args:
        cust_id (str): A unique string that identifies each user.
        cust_data (dict): A dictionary encompassing various user-related information.

    Returns:
        bool: True for successful caching, False for failure.
    """"""
    global user_cache

    # Validate inputs
    if not isinstance(cust_id, str) or not cust_id:
        return False
    if not isinstance(cust_data, dict):
        return False

    try:
        user_cache[cust_id] = cust_data
        return True
    except Exception:
        # In case of any unexpected error during caching
        return False
",unknown,0
